1 33956U 97051BR  17334.63457191 +.00003496 +00000-0 +55418-3 0  9990
2 33956 086.4216 210.1685 0026436 076.2719 347.0322 14.71704552213835
1 33864U 97051AH  17334.56804341 +.00001163 +00000-0 +29841-3 0  9993
2 33864 086.2787 160.7907 0004718 183.7194 233.8025 14.49491612462531
1 34367U 97051FK  17334.45543119 +.00003382 +00000-0 +73846-3 0  9992
2 34367 086.4183 218.2677 0031781 330.0483 152.4769 14.57279891461557
1 34102U 97051DM  17334.57512939 +.00003128 +00000-0 +12508-2 0  9993
2 34102 086.3750 263.7066 0121671 053.0985 069.2960 14.24154149453064
1 33849U 97051S   17334.48492754 +.00003987 +00000-0 +10867-2 0  9991
2 33849 086.1075 134.7089 0067783 234.5402 124.9462 14.45832710457536
1 34148U 97051EB  17334.59052663 +.00017879 +00000-0 +14781-2 0  9991
2 34148 086.3908 177.3167 0006151 206.0973 153.9949 14.98822270466625
1 34104U 97051DP  17334.61283102 +.00001561 +00000-0 +26594-3 0  9997
2 34104 086.3467 164.6905 0022095 009.2164 061.2835 14.68235528465373
1 33870U 97051AP  17334.30591005 +.00000473 +00000-0 +15879-3 0  9991
2 33870 086.3835 217.5925 0024977 085.9670 028.4605 14.34914668459774
1 34508U 97051GZ  17334.46640850 +.00000586 +00000-0 +24046-3 0  9991
2 34508 086.3804 242.7030 0078048 280.9709 078.2708 14.23864739454474
1 34520U 97051HM  17334.62353320 +.00006306 +00000-0 +89763-3 0  9999
2 34520 086.3684 185.5963 0014867 213.4102 146.6180 14.76629798462633
1 33888U 97051BH  17334.61105226 +.00003572 +00000-0 +11114-2 0  9990
2 33888 086.3293 202.8570 0048613 109.3753 251.2710 14.40063810458964
1 34082U 97051CR  17334.54950793 +.00005253 +00000-0 +13092-2 0  9991
2 34082 086.3658 252.0046 0143948 355.6282 004.3650 14.45387857455064
1 34159U 97051EN  17334.58661521 +.00000319 +00000-0 +10937-3 0  9992
2 34159 086.3566 209.3423 0032129 131.0844 229.3134 14.32641713459058
1 33879U 97051AY  17334.56007184 +.00004884 +00000-0 +80035-3 0  9994
2 33879 086.3615 171.2710 0023029 210.0972 149.8922 14.70392410214235
1 34106U 97051DR  17334.58494302 +.00000823 +00000-0 +20477-3 0  9995
2 34106 086.3659 188.8288 0015268 122.1471 292.3450 14.50495619462928
1 34095U 97051DE  17334.57913643 +.00002915 +00000-0 +65512-3 0  9998
2 34095 086.3864 208.1841 0052916 351.4007 008.6288 14.55323785461146
1 34098U 97051DH  17334.58110219 +.00004974 +00000-0 +73179-3 0  9995
2 34098 086.1348 081.5598 0020869 213.9639 204.6559 14.75099461465798
1 34143U 97051DW  17334.62488258 +.00002511 +00000-0 +51692-3 0  9993
2 34143 086.3951 198.3413 0006698 255.2941 163.6902 14.60180340462720
1 33887U 97051BG  17334.07330243  .00000144  00000-0  43694-4 0  9990
2 33887  86.3065 183.7355 0008692 100.6580  52.7422 14.34938191460573
1 34350U 97051ES  17334.61574323 +.00000336 +00000-0 +10112-3 0  9996
2 34350 086.3315 185.6122 0024441 087.2111 325.3961 14.39426850460419
1 34160U 97051EP  17334.37154931 +.00005123 +00000-0 +11431-2 0  9990
2 34160 086.4108 219.0688 0032646 022.1537 338.1073 14.56342103460833
1 33876U 97051AV  17334.91721253  .00010253  00000-0  13597-2 0  9995
2 33876  86.1977 110.7486 0011267 202.0355 281.5469 14.79714216465853
1 34107U 97051DS  17334.63032988 +.00001886 +00000-0 +45349-3 0  9995
2 34107 086.3891 195.7086 0014772 111.2683 300.8810 14.52805798463036
1 33965U 97051CA  17334.62147523 +.00001426 +00000-0 +36034-3 0  9998
2 33965 086.3739 195.8553 0009802 319.4435 040.6038 14.50344369462404
1 33854U 97051X   17334.87692406  .00002234  00000-0  41809-3 0  9991
2 33854  86.2258 119.7802 0008216 305.1746 168.2215 14.64421951465532
1 34103U 97051DN  17334.59469375 +.00002439 +00000-0 +57124-3 0  9999
2 34103 086.3506 190.7976 0025557 199.2622 218.3048 14.54016749462082
1 33859U 97051AC  17334.58906272 +.00001344 +00000-0 +41306-3 0  9996
2 33859 086.3460 204.3729 0048820 078.6560 282.0118 14.40184937459571
1 33869U 97051AN  17334.45279194 +.00001428 +00000-0 +43838-3 0  9994
2 33869 086.3657 230.1603 0069328 179.0983 181.0354 14.39612826457499
1 33884U 97051BD  17334.83959274  .00000692  00000-0  18795-3 0  9993
2 33884  86.3853 199.7244 0011763 145.3869 342.3959 14.46197800462615
1 33858U 97051AB  17334.37151813 +.00010133 +00000-0 +93422-3 0  9997
2 33858 086.1334 069.4301 0018762 100.8349 301.4958 14.94434275467680
1 33866U 97051AK  17334.30484216 +.00001124 +00000-0 +54362-3 0  9995
2 33866 086.3021 235.7536 0131280 090.0513 048.3893 14.13233017452698
1 33959U 97051BU  17334.42821437 +.00002575 +00000-0 +92012-3 0  9996
2 33959 086.3586 230.8456 0068218 225.9003 133.6567 14.32495190456465
1 33955U 97051BQ  17334.43132181 +.00004982 +00000-0 +91805-3 0  9997
2 33955 086.3599 201.2776 0038736 325.5779 034.2925 14.64887889461848
1 33966U 97051CB  17334.60509760 +.00000413 +00000-0 +12365-3 0  9998
2 33966 086.3992 209.8255 0007607 179.8703 242.4008 14.40463660461377
1 34077U 97051CL  17334.22522782  .00000966  00000-0  30533-3 0  9999
2 34077  86.3984 220.0054 0020175  37.3715  78.0890 14.39128576459629
1 33967U 97051CC  17334.56646010 +.00004194 +00000-0 +83845-3 0  9995
2 33967 086.3827 193.9198 0041399 266.5656 093.0818 14.61125409463641
1 33874U 97051AT  17334.58745258 +.00001190 +00000-0 +42914-3 0  9993
2 33874 086.2923 207.2232 0078429 256.7960 162.5757 14.31220405456527
1 33875U 97051AU  17334.59733972 +.00001796 +00000-0 +30131-3 0  9995
2 33875 086.4109 177.9397 0031170 218.9836 193.5674 14.68854174467413
1 33867U 97051AL  17334.57652625 +.00001700 +00000-0 +38183-3 0  9999
2 33867 086.4197 197.8937 0032214 015.4416 344.7767 14.55657484464912
1 34088U 97051CX  17334.61116662 +.00000953 +00000-0 +27092-3 0  9992
2 34088 086.4058 213.8801 0011298 028.1396 034.9043 14.44358170461369
1 33873U 97051AS  17334.61780131 +.00002786 +00000-0 +62122-3 0  9990
2 33873 086.3720 186.6040 0024199 000.5201 359.6027 14.56371632463496
1 33772U 97051K   17334.62725274 +.00008525 +00000-0 +10542-2 0  9991
2 33772 086.4092 207.6529 0023128 245.0468 171.2291 14.82478096463802
1 33862U 97051AF  17334.39589112 +.00000378 +00000-0 +98792-4 0  9997
2 33862 086.4182 211.7298 0054500 184.2153 229.2633 14.45760963462757
1 33775U 97051N   17334.60459729 +.00000521 +00000-0 +17632-3 0  9997
2 33775 086.3715 210.5387 0016357 057.6370 002.9945 14.34841783460173
1 33850U 97051T   17334.58227993 +.00000309 +00000-0 +10050-3 0  9995
2 33850 086.3473 200.4505 0013905 061.4089 358.3892 14.35519483460094
1 34071U 97051CE  17334.59117985 +.00000453 +00000-0 +13972-3 0  9997
2 34071 086.3515 195.8731 0009660 072.9025 287.3230 14.39244027460578
1 33773U 97051L   17334.22196449 +.00000271 +00000-0 +82739-4 0  9993
2 33773 086.4057 215.6465 0013418 086.7898 273.4835 14.38189266461323
1 33776U 97051P   17334.25136196  .00000205  00000-0  66402-4 0  9998
2 33776  86.4093 225.6886 0016758  66.3950  83.5497 14.33790625460085
1 33777U 97051Q   17334.61720738 +.00000380 +00000-0 +11155-3 0  9998
2 33777 086.3885 206.8597 0008567 259.2815 100.7420 14.41230595461720
1 33886U 97051BF  17334.59458687 +.00000182 +00000-0 +58758-4 0  9998
2 33886 086.3876 217.3307 0016367 092.2436 330.3728 14.33264337460035
