1 34898U 97051NA  19290.71761818  .00001249  00000-0  21695-3 0  9996
2 34898  86.3381 206.7773 0026188  47.0155 313.3248 14.67125184560231
1 34899U 97051NB  19290.89894657  .00004631  00000-0  62754-3 0  9993
2 34899  86.4041 257.5131 0030355  51.4815 338.1662 14.78406831556009
1 34926U 97051NF  19290.44595760  .00000672  00000-0  31546-3 0  9994
2 34926  86.1566 272.6992 0173637 260.4638 253.7744 14.11205781545669
1 34928U 97051NH  19288.20080961  .00000766  00000-0  15995-3 0  9993
2 34928  86.4019 252.2474 0032638 161.8792 198.3588 14.58195777558271
1 34983U 97051NP  19288.21597293  .00003865  00000-0  66198-3 0  9990
2 34983  86.3604 256.7016 0036719 124.1993 236.2711 14.68110927553697
1 34985U 97051NR  19290.48761646  .00000320  00000-0  10674-3 0  9990
2 34985  86.3679 286.7001 0024831  32.2043 122.8683 14.34326023549259
1 34986U 97051NS  19290.70719077  .00001786  00000-0  43490-3 0  9996
2 34986  86.3819 276.3808 0024539 228.8812 131.0276 14.52072258551305
1 34987U 97051NT  19290.22182478  .00002115  00000-0  27615-3 0  9991
2 34987  86.3420 203.0823 0009540  25.1152 335.0531 14.80000946566669
1 35049U 97051NV  19290.34231279  .00001225  00000-0  25014-3 0  9990
2 35049  86.3726 246.1106 0021903 294.4183  65.4741 14.59967656554325
1 35050U 97051NW  19290.21163465  .00002891  00000-0  37007-3 0  9994
2 35050  86.3077 199.9280 0029987 356.6597   3.4419 14.80670640556979
1 35051U 97051NX  19290.22293128  .00000301  00000-0  92849-4 0  9996
2 35051  86.3252 257.2438 0007016 305.0586  54.9953 14.38049808546199
1 35052U 97051NY  19290.20264538  .00000116  00000-0  33346-4 0  9999
2 35052  86.3292 260.6788 0009999 231.7270 128.3028 14.35596266549966
1 35054U 97051PA  19290.77261100  .00005422  00000-0  73518-3 0  9994
2 35054  86.3453 224.7639 0010192 339.9132  20.1686 14.78716691558623
1 35077U 97051PC  19286.98839808  .00012178  00000-0  92181-3 0  9996
2 35077  86.2705 175.2131 0042216 238.8641 120.8449 15.01479723557744
1 35079U 97051PE  19290.53675106  .00000192  00000-0  74870-4 0  9992
2 35079  86.4325  12.5522 0136531 140.9943 220.1190 14.19104593541631
1 35080U 97051PF  19290.47179585  .00001008  00000-0  45100-3 0  9997
2 35080  86.2415 307.0655 0179993 241.5350 116.7602 14.13556748375864
1 35293U 97051PH  19290.35440899  .00007147  00000-0  43258-3 0  9991
2 35293  86.3332 151.2067 0019632   7.3412 352.8109 15.10296217562330
1 35294U 97051PJ  19290.59754924  .00001897  00000-0  41843-3 0  9999
2 35294  86.3302 234.2897 0015091 124.8828   0.8201 14.56811809550027
1 35296U 97051PL  19290.57647669  .00001407  00000-0  35128-3 0  9992
2 35296  86.3156 233.6549 0009381 151.4185 208.7536 14.50923952383841
1 35297U 97051PM  19290.29269855  .00000323  00000-0  10425-3 0  9998
2 35297  86.3856 291.2179 0016077 335.5876  83.9483 14.36020295547040
1 35299U 97051PP  19289.73848675  .00000397  00000-0  15095-3 0  9999
2 35299  86.2909 275.5519 0066386 191.8263 290.1429 14.27297989542777
1 35477U 97051PX  19287.38516257  .00003479  00000-0  10323-2 0  9996
2 35477  86.3719 323.2352 0095682 252.6665 106.4050 14.40420051372788
1 35478U 97051PY  19288.32670704  .00005404  00000-0  79519-3 0  9993
2 35478  86.4403 302.4253 0057334 213.2772 146.4837 14.74119539550488
1 35479U 97051PZ  19287.85751936  .00000657  00000-0  23316-3 0  9997
2 35479  86.3906 334.2410 0114105 323.5118  35.8336 14.29521765536839
1 35480U 97051QA  19287.25127061  .00000256  00000-0  75019-4 0  9992
2 35480  86.3563 268.8971 0016049 356.4601   3.6481 14.39919607548681
1 35483U 97051QD  19286.04756185  .00001334  00000-0  34477-3 0  9996
2 35483  86.4301 317.5039 0038449  23.3422 336.9517 14.48806918550080
1 35484U 97051QE  19289.21696432  .00000759  00000-0  18767-3 0  9991
2 35484  86.3776 259.1742 0051116 220.3399 139.4010 14.49940061551327
1 35487U 97051QH  19290.41651073  .00003717  00000-0  79564-3 0  9999
2 35487  86.3318 266.7246 0052341 293.1285 219.9283 14.57659254548937
1 35488U 97051QJ  19290.77947913  .00000564  00000-0  12257-3 0  9993
2 35488  86.3418 221.2097 0041917 148.3529 212.0212 14.55679261554175
1 35616U 97051QN  19289.16802893  .00000600  00000-0  14905-3 0  9997
2 35616  86.3655 251.5723 0017033 248.7753 111.1632 14.50130720550201
1 35617U 97051QP  19285.81533317  .00009326  00000-0  85303-3 0  9992
2 35617  86.4812 301.5481 0043115  32.0456 328.3381 14.94150033549645
1 35618U 97051QQ  19290.14948446  .00000202  00000-0  52837-4 0  9999
2 35618  86.3428 246.5373 0031359 295.2701  64.5251 14.44069899547095
1 35620U 97051QS  19286.29449521  .00000837  00000-0  42751-3 0  9990
2 35620  86.3999  43.7946 0246214 125.8031 236.6303 13.99963539527075
1 35622U 97051QU  19290.07217656  .00000601  00000-0  16766-3 0  9991
2 35622  86.2274 205.5017 0032763 341.9858  79.7129 14.44355517547862
1 35624U 97051QW  19290.86392923  .00003898  00000-0  65711-3 0  9996
2 35624  86.3555 260.6569 0036341 217.2090 142.6607 14.68840138552120
1 35625U 97051QX  19290.70112446  .00000628  00000-0  29418-3 0  9992
2 35625  86.1963 270.4321 0131855 137.2735 348.3546 14.14109260538957
1 35627U 97051QZ  19288.24495505  .00002376  00000-0  55864-3 0  9996
2 35627  86.3493 268.4501 0051673 286.8275  72.7267 14.53203550547896
1 35628U 97051RA  19290.20711012  .00000543  00000-0  15078-3 0  9997
2 35628  86.3625 263.2394 0016724 298.5623  61.3895 14.44643193545083
1 35629U 97051RB  19288.76136142  .00007232  00000-0  12749-2 0  9994
2 35629  86.3633 287.9418 0121408 333.6314  25.8748 14.62640663542726
1 35631U 97051RD  19290.39237674  .00000200  00000-0  54839-4 0  9997
2 35631  86.3663 262.4669 0019078   8.9923 144.8942 14.42049601550433
1 35632U 97051RE  19290.15358084  .00001130  00000-0  44981-3 0  9990
2 35632  86.4288 354.4510 0092328 333.2172  26.4266 14.25557628535008
1 35678U 97051RG  19290.22350184  .00003914  00000-0  49770-3 0  9994
2 35678  86.3567 220.1762 0006218 357.8375   2.2819 14.81363588550167
1 35679U 97051RH  19290.49460762  .00013613  00000-0  94671-3 0  9995
2 35679  86.3122 204.5977 0010388 260.3871  99.6190 15.05357164552008
1 35680U 97051RJ  19288.73791846  .00000433  00000-0  23574-3 0  9991
2 35680  86.1072 272.5221 0197390  71.4368  47.7006 14.00352619528715
1 35732U 97051RK  19290.53838585  .00002475  00000-0  61996-3 0  9990
2 35732  86.2430 221.7876 0065861 337.7724  22.0627 14.49751412544018
1 35735U 97051RN  19288.52363204  .00004337  00000-0  36843-3 0  9992
2 35735  86.3799 201.8116 0007891 156.4052 203.7542 14.97623073553091
1 35737U 97051RQ  19290.04252912  .00003840  00000-0  85211-3 0  9998
2 35737  86.4197 309.3908 0041584 352.5698  37.1253 14.56329547393051
1 35739U 97051RS  19290.26277134  .00003963  00000-0  73635-3 0  9990
2 35739  86.3911 287.8444 0054473 276.6546  82.8468 14.63988584550230
1 35742U 97051RV  19290.44750817  .00003033  00000-0  63283-3 0  9994
2 35742  86.4228 298.1877 0056424 149.7222 210.7268 14.58607567548960
1 35744U 97051RX  19290.61274205  .00000396  00000-0  96310-4 0  9994
2 35744  86.3387 234.5271 0030568 223.1529 136.7280 14.49951815547471
1 35745U 97051RY  19290.00831282  .00003639  00000-0  86875-3 0  9999
2 35745  86.3524 299.6145 0055698  81.7465 279.0052 14.52481272541364
1 35749U 97051SC  19290.90151613  .00001174  00000-0  26943-3 0  9997
2 35749  86.3763 259.6286 0018525  75.7785 284.5479 14.54631394531177
1 35797U 97051SF  19289.63729141  .00000515  00000-0  12560-3 0  9993
2 35797  86.3484 241.4649 0021821 232.5549 127.3671 14.50607495547295
1 35799U 97051SH  19288.68149334  .00002379  00000-0  54957-3 0  9995
2 35799  85.9355  73.6213 0072378 226.1752 133.3457 14.53216417554738
1 35800U 97051SJ  19284.32008309  .00004392  00000-0  36032-3 0  9992
2 35800  86.2620 145.6184 0023598 124.3879 235.9589 14.98762215558927
1 35802U 97051SL  19290.41910072  .00002364  00000-0  64868-3 0  9995
2 35802  86.4561 339.7125 0102607  96.6239 264.6654 14.43574041551042
1 35805U 97051SP  19290.50291796  .00001973  00000-0  73036-3 0  9995
2 35805  86.3202 307.0965 0114720 318.9031  40.3560 14.28323741532186
1 35806U 97051SQ  19290.67172355  .00000540  00000-0  16723-3 0  9992
2 35806  86.3463 268.4338 0015901 322.2564  37.7518 14.39343038539251
1 35809U 97051ST  19290.16991036  .00000486  00000-0  12575-3 0  9994
2 35809  86.3382 243.4563 0020844 265.5959 155.7440 14.47761376541151
1 35844U 97051SU  19282.02515964  .00006538  00000-0  48210-3 0  9990
2 35844  86.3022 176.5796 0015466 323.4370  36.5806 15.03039587546433
1 35846U 97051SW  19289.27200033  .00000258  00000-0  83645-4 0  9999
2 35846  86.3745 288.6041 0018549 355.2032   4.8983 14.34953134534222
1 35848U 97051SY  19290.21684246  .00000619  00000-0  15799-3 0  9994
2 35848  86.3970 269.7195 0013444 258.7115 101.2578 14.48945673535487
1 35850U 97051TA  19290.62479072  .00000543  00000-0  13606-3 0  9992
2 35850  86.3597 249.3885 0016786 249.1090 110.8318 14.49548240386261
1 35851U 97051TB  19290.47332794  .00003703  00000-0  72848-3 0  9999
2 35851  86.4112 295.2559 0068977 249.3068 110.0740 14.60842236553194
1 35856U 97051TG  19290.83024102  .00001166  00000-0  17671-3 0  9999
2 35856  86.3707 241.9269 0070415   6.5341  22.0985 14.71533134540668
1 35857U 97051TH  19290.38927944  .00001261  00000-0  22845-3 0  9991
2 35857  86.4317 262.9956 0054473 106.9259 253.7935 14.64481771380089
1 35858U 97051TJ  19290.35439091  .00002380  00000-0  49377-3 0  9992
2 35858  86.3616 266.9076 0018943 113.1271 247.1937 14.59691108545234
1 35862U 97051TN  19290.81699462  .00003855  00000-0  52502-3 0  9990
2 35862  86.3756 234.3086 0034380 348.5621  41.0368 14.78059433545688
1 35863U 97051TP  19290.39623136  .00003051  00000-0  78240-3 0  9994
2 35863  86.3371 280.4285 0093701  55.1445 305.8524 14.47364959536720
1 35911U 97051TU  19290.35056960  .00001268  00000-0  47459-3 0  9995
2 35911  86.2345 259.0441 0088647 268.0006  91.1033 14.28929430545990
1 35915U 97051TY  19286.17456723  .00000577  00000-0  14664-3 0  9999
2 35915  86.3547 251.1344 0021022 262.2230  97.6587 14.48980590536635
1 35917U 97051UA  19287.18476183  .00000892  00000-0  16399-3 0  9992
2 35917  86.3854 251.2717 0023635  93.1647 267.2271 14.64319035262851
1 35918U 97051UB  19289.36889215  .00000489  00000-0  16050-3 0  9995
2 35918  86.4039 302.9154 0031812  27.0452  38.5782 14.36104102530831
1 35921U 97051UE  19288.50930918  .00000886  00000-0  34290-3 0  9998
2 35921  86.4265   5.8678 0141133  90.8996 270.8367 14.23599695330160
1 35922U 97051UF  19287.22922526  .00001101  00000-0  25264-3 0  9995
2 35922  86.3881 264.2875 0029303 194.7907 165.2446 14.54376753536563
1 35925U 97051UJ  19290.05152547  .00003888  00000-0  51520-3 0  9999
2 35925  86.3170 209.8784 0009020 280.3741  79.6463 14.79625353553086
1 35926U 97051UK  19289.62195631  .00001640  00000-0  33102-3 0  9992
2 35926  86.3491 232.9904 0004785 160.8687 199.2704 14.60879147543727
1 35929U 97051UN  19289.60700285  .00000578  00000-0  12880-3 0  9999
2 35929  86.3533 234.0642 0030086 171.1416 189.0329 14.54886358549155
1 36011U 97051US  19285.76185366  .00000271  00000-0  88752-4 0  9994
2 36011  86.3395 274.5426 0021930  40.3496  82.5929 14.34494053531043
1 36012U 97051UT  19286.44269710  .00000930  00000-0  52668-3 0  9995
2 36012  86.4492  99.5051 0322267 328.5542  29.6704 13.86287614522167
1 36017U 97051UY  19288.59716615  .00002953  00000-0  35843-3 0  9992
2 36017  86.3670 224.6358 0009988 263.1788 219.1230 14.83196864539575
1 36019U 97051VA  19288.95213522  .00001080  00000-0  24365-3 0  9990
2 36019  86.3930 261.4755 0005287 282.5574 131.8020 14.55454199535965
1 36021U 97051VC  19290.12139740  .00002972  00000-0  97021-3 0  9994
2 36021  86.4214 345.2244 0133312 284.7814  73.8642 14.33391020261038
1 36023U 97051VE  19288.63915077  .00001527  00000-0  35497-3 0  9998
2 36023  86.3400 253.1017 0023841 199.2984 160.7323 14.54146934535316
1 36025U 97051VG  19288.55735549  .00003096  00000-0  68343-3 0  9994
2 36025  86.5602  11.2204 0043606 289.9059  69.7453 14.56473985535869
1 36028U 97051VK  19290.13613967  .00000544  00000-0  12285-3 0  9992
2 36028  86.3407 228.8036 0032850 173.2906 186.8747 14.54084443542384
1 36080U 97051VM  19278.22891528  .00000313  00000-0  97748-4 0  9999
2 36080  86.3196 261.4615 0021369  49.4730 310.8324 14.37498072148813
1 36081U 97051VN  19290.54085924  .00001793  00000-0  50704-3 0  9997
2 36081  86.2373 232.2789 0068274  60.5354 300.2635 14.43722087530760
1 36083U 97051VQ  19287.70361679  .00000298  00000-0  96542-4 0  9997
2 36083  86.3422 273.4566 0031443  49.0235 311.3674 14.35269605532206
1 36390U 97051VU  19290.05331822  .00000804  00000-0  19807-3 0  9998
2 36390  86.3076 219.4598 0045197 203.1174 156.7998 14.50358150556031
1 36483U 97051VZ  19290.25290095  .00000299  00000-0  94099-4 0  9994
2 36483  86.3786 284.2882 0008673 336.0206  24.0586 14.37136250327966          
1 36485U 97051WB  19287.47908430  .00001153  00000-0  42663-3 0  9994
2 36485  86.4495   3.5298 0098521 348.4722  11.4213 14.28914583341595          
1 36486U 97051WC  19287.57071132  .00001490  00000-0  28412-3 0  9996
2 36486  86.3540 234.6683 0022934 108.8892 251.4809 14.63178903557540         
1 36487U 97051WD  19289.96561719  .00002210  00000-0  10617-2 0  9995
2 36487  86.3777   9.8669 0157134 271.5301  86.7889 14.12275541375289          
1 36490U 97051WG  19288.68314349  .00000642  00000-0  17335-3 0  9994
2 36490  86.3749 266.9443 0003625  65.5792 294.5789 14.46338220537928          
1 36492U 97051WJ  19290.42100172  .00001480  00000-0  32103-3 0  9999
2 36492  86.4217 280.0150 0014849  62.0613 298.2097 14.57440254547799          
1 36493U 97051WK  19290.21020997  .00000546  00000-0  15403-3 0  9999
2 36493  86.3622 264.2438 0014209 305.5978  54.3899 14.43984003545341          
1 36495U 97051WM  19286.16245433  .00009677  00000-0  78050-3 0  9995
2 36495  86.3913 238.9302 0002821 193.8411 166.2744 14.99770685525509          
1 36497U 97051WP  19290.03763028  .00000615  00000-0  19558-3 0  9994
2 36497  86.1672 190.7492 0073007 351.5268  71.4480 14.36877284332125          
1 36563U 97051WS  19290.58596531  .00003903  00000-0  55864-3 0  9994
2 36563  86.3570 232.1295 0047698  68.8296 291.8010 14.75565889539681          
1 36566U 97051WV  19290.60538637  .00001934  00000-0  84933-3 0  9994
2 36566  86.4328  29.6423 0164462 241.4504 117.0044 14.16200517526230